745551636
298425195
234822792
79787867
57628158
977540405
754904648
791700279
634941504
914051281
59423705
361276443
427021544
574772583
59755727
827175374
834130573
724065971
424764796
574198072
648309618
534503901
117631526
770674033
732540047
677640749
357318902
852247966
896045246
565156690
415644957
844103463
751605916
889850113
81051014
499907644
654986506
479859684
14127384
16735689
848956745
490940847
286675445
192377282
382355856
894291578
20713934
650684162
878507758
769883684
927960743
525487943
661157159
199187700
676008779
499899521
671464066
736861860
276451217
220137826
780453997
743737405
784724657
619525383
445065417
211385684
525098103
165087496
646685281
655084026
295122694
809828501
719680805
309983660
373630842
632014892
446807669
935807042
441243586
322266850
733613284
667287350
631526197
518765322
846786425
523343823
649035952
401835918
497342424
962019757
212781750
879165578
739547280
342282060
614817759
170533807
378479476
824507552
153965033
576118099
154619375
945387397
492918888
804944008
323835037
318247978
382131184
269608679
227268501
558023902
627145767
557698531
962424527
409248544
434537426
639452142
111494129
424985516
912807375
204344202
910991431
690789323
333084062
321649646
268480864
233431473
853109898
545079525
599548227
25938035
492696514
789614350
128330496
200155034
623116259
379893439
578142587
41385338
451540253
794881106
345381883
757755179
708771621
385949949
882668266
303637693
842530531
991915753
133944567
103087998
259986324
434073244
211153549
684040471
764933261
277866139
17870162
560931461
1012168
942209363
132806499
431896167
446775364
474943963
461016291
112772171
242041432
949820605
461969777
413543505
899808996
858657280
52766865
340386329
268099049
109053818
174823228
158415931
748698767
923713433
94175581
923563436
639301637
619107740
795879185
572619622
351923090
421013422
977931941
706932405
57759476
938796130
891343918
197245643
921597036
25672220
647812709
203882545
190098436
645638931
228564251
896022673
131834777
272309743
260062453
53152627
539753955
547564385
963569631
89388398
291390777
157549798
984142339
128551107
683516360
914553352
525319060
249936292
36910061
122864069
896221566
425198846
889908286
823641603
739341047
45604294
283396480
704244511
909567310
367263820
438327622
284572420
96775187
73714029
802195910
663136848
170971992
726922413
890716264
845328762
183849143
629589151
174060674
713803835
321850105
716858289
848510485
89744548
483368289
513676130
510455542
268544790
440577122
933360993
868931658
545191719
460706100
922888122
780695659
117697457
358979334
476612516
87249436
281652547
857379644
749930977
171649351
77597328
489751479
319237353
291312509
665922721
86469189
10913581
941366848
444441432
572411203
394917329
767391936
334019204
197092843
522909531
704969762
388507159
723065642
737889138
660123180
536989298
231594727
180536027
18250518
614446434
634111676
633244251
296715499
569254882
961517177
455195135
550159289
662023461
130949590
350874463
194320213
293318036
986188979
645853944
682267195
961863907
903277208
793240263
699407640
853530274
776685739
577273654
409006785
897807826
492522160
560458479
422764149
879284762
104673963
733869340
761318120
322663504
239030939
147118150
546269144
861940198
553244522
72802648
891821905
425164219
276810289
978640623
698366367
288064825
93670264
782774219
361795141
548636945
561466005
63333458
270646270
623777840
638373947
903130654
802598046
848353125
246781993
23575024
82390027
794677451
836298099
532381001
147670283
4947193
590463639
629320227
81111012
295445919
519666017
811021
675732103
751276589
308057446
943220432
914539986
332068202
121403319
570126313
976529977
442423599
740113607
946057830
825027313
239154130
334546134
655422916
413939169
647127867
361729741
111938552
383891803
518509204
783516959
64771283
308381778
22312418
769346611
676411456
467890197
305155947
146318408
411785968
718917742
30207774
820519429
399253427
705226243
398413392
791229894
195493018
547556622
78724557
71793937
629498603
143250976
959055000
847623635
564069270
999657328
718573974
558198892
20444748
269192482
348437481
443035756
957029584
22819218
894859461
165757410
174192976
15497675
530647243
871512966
864080686
550610677
99068592
686749567
726866032
216432474
413838296
37401686
832981831
272409371
182754848
844266106
872559645
839109333
289709270
218243584
198284291
988426372
99205893
252532908
136164959
564002588
943244119
229644262
509574127
795653823
168435876
500311035
640498546
393655826
865250128
772366142
861157691
43734477
469179196
826439200
351914995
422964727
872303776
481676604
199148152
968243651
744461724
326342895
563832099
994014878
402000054
288219609
12084897
340657460
497187469
373599158
589840094
522551405
798041462
258321107
115617815
465317285
443017422
997467843
842447768
301518505
442097229
995277328
675906501
127483333
760678288
533955319
207560782
447351479
350446522
662104783
444444435
736291130
455447653
861341478
296808175
396001047
474433026
826273078
966331929
460297427
896116352
934839410
508299424
439420516
525760996
16339688
870179555
662406778
155268037
683819900
436590157
372618914
53057021
840677839
270382597
58742538
589724751
928124226
132509342
323285182
26153911
838929626
977220635
894633573
395833254
920103397
427462514
459014242
459718515
198330299
749583903
393074971
558769518
329239927
31803194
263695299
922374344
608346272
302624082
474546436
44211338
290587008
690783328
91247449
660737167
356753864
382168052
633239045
868738239
837538997
12346909
808382036
754533386
574411458
242013377
509273427
738539939
527192930
234697817
644760309
396579146
176308646
9083854
207668548
170051102
875235384
889649660
244717018
351754817
593996715
726284673
699678697
933656103
904707024
896308468
740124516
703664245
967985887
401799514
899726807
812216547
281927573
936797002
352431597
651653612
860146485
700982945
386178460
313528111
402040316
350320453
511375750
723841273
60661418
77935181
955507224
396823757
318383120
656215409
521148
936905861
967498642
650784073
115979319
756868234
474826109
183653094
757573545
483915726
694865043
939024691
18141230
719881142
413429618
85074497
336321871
563568998
222954748
520473950
628854663
241155829
181739834
700668412
600894034
962382240
156301055
990331472
480729240
607761440
761812573
226966409
226946990
807892343
714569533
826203952
793413513
901547822
982991623
789209719
420829976
781349707
784328831
513245487
355773150
602057415
936028765
517157264
456591645
210695772
459153877
915280123
419228645
467059601
697335120
620574374
990845843
22940903
272371598
326167923
181682229
359092159
55337417
43331719
684513430
109612232
727227234
374179592
16534881
484885175
128835197
689765251
410323160
408667481
863884026
566942869
622691999
490342604
861606567
890825091
109129790
244622560
657652409
402906181
651695377
287870534
335443368
578795544
457294195
391910367
275885532
49727857
521400881
168606344
270104931
127524545
472711111
492085483
661049815
696376969
357792275
787105248
992236508
322983876
41819725
519085509
452010817
286118383
686760678
991719142
634815041
820201106
454720588
621494263
382771309
725590230
944117112
907281669
728444241
146919662
232426293
413768144
545949491
963133334
761620816
314612488
406451730
609398931
331079064
573147651
933232669
264338975
515395084
449184823
294312895
743926672
249307727
773247974
367631937
42864442
222451998
565569969
284376429
116382607
748209468
629408242
593104118
444177276
418943569
417873320
703368425
892356789
937864497
993264526
891146712
924091811
189451881
596039087
311573480
914862685
529019792
236463814
850738883
150248271
625098071
312433288
204351531
135664244
822751562
901283572
699508482
527929117
975368484
712265173
281710801
123746463
701511814
632653227
507795797
882081123
878738137
835849682
582552439
402820083
193728223
825302585
114624941
496736574
65948268
832022651
428728546
76224617
343668120
965269301
78488899
425583221
420878329
763594351
738827891
367860040
437127287
190309357
255397489
55749915
279582813
983754437
826847462
400470349
253276919
693632357
972621213
827522780
980604375
693372798
959304857
625410817
830977656
801204274
488817114
29313177
634218572
127646843
529656157
379479432
150510091
871690510
257137505
84654259
148800812
187944178
554016220
156655530
258827924
223223300
516696248
974522047
115273523
870406983
495509142
286193898
64714233
57706198
748591178
726064301
914813182
218581374
644913404
629725863
940856221
955368448
585051202
948452062
408686114
919590937
379767455
744597835
235489503
359016705
640035430
798817500
876431399
781595646
367626317
758304899
698530516
444715527
140563245
554231781
727084935
605874580
721742733
929278956
360798027
678408207
366332636
833443664
216270476
718360880
177972818
835370167
291689078
452279776
414047647
749124573
943592298
733539769
647307393
736569260
242338046
751404318
635943329
810802904
755559992
254534669
836934920
918597976
242800434
483403817
611785498
920527483
898894222
722700179
234886287
918281133
309664371
216215592
834827108
236207226
94928656
350927649
174158847
948388621
146342792
866366719
533199541
77860243
730642241
146430052
611440976
316798072
795315893
614161036
95675334
687109441
468545882
519339299
385975766
628378204
683415401
413981649
230210002
982436271
979321620
368704194
865074583
233649131
926810477
894401952
571757737
974780675
654200215
353874804
522357979
860183320
750751930
507703325
109455226
693650643
924857154
789074681
957600521
653771714
200054595
758718309
536465917
902358468
747902405
706064161
743043607
97828520
138624088
449919475
698483796
536912806
893295927
156008394
440828214
453492543
121175339
962279685
378733941
512162010
944263160
4126293
767787326
612613097
775572654
691142350
211358659
809735327
581143646
970791148
578229203
668495488
454409563
575654912
846564991
570127553
164663954
968426002
343141437
257250958
320941381
499756909
739411907
467662031
964228009
755893815
833522263
63639685
129321255
860846027
400281865
858243430
706846636
184493629
9409945
719895191
569349806
793025478
21517489
631690534
833864259
264021422
213963791
253824095
654695186
127104481
419547505
198056228
439440378
632524050
467826257
669639363
469494623
601568454
45933376
3180443
101204946
312909093
940672569
454847744
705761168
713217081
375336203
893378621
472393948
343127908
578427325
802853435
686378754
1116626
124910574
32383925
581180019
782595193
821223180
790850619
12223924
393036008
72970652
361330680
449371915
836586159
201064659
231635049
557606736
39536167
155343196
179582280
983093501
825350972
897368341
672448721
583061355
192294767
800742819
382457702
119868424
284146924
889286474
633793292
664711530
800554655
358471676
741289405
219283254
236071105
147313623
33543534
748360403
37918750
870347080
589537967
44653842
348639790
507723113
99399386
928565666
566119633
10398998
224265820
651299027
324422419
206245369
360274941
801117497
777527602
855996470
942893379
788428090
494325137
868021107
313748244
357358806
346496701
190059325
596155893
186776349
183897722
844221119
915620397
193260100
609075985
990431367
254461302
876169826
845888893
845416774
414653199
245966449
786965114
699160193
532026940
760425576
166216443
837098182
218255608
700888474
82362469
490459959
258032582
874607364
924443572
302288583
121438770
173892101
81645736
612539471
361392122
987592235
616169259
972645874
867279961
777695252
109906048
222752902
735805979
789752447
209709528
728433194
210471436
216451715
522550601
142261313
719461369
563610187
862361812
198376641
815183587
976754687
791992956
644751022
987229253
473206221
442115650
285104502
142526443
352570003
366089186
480426760
936725810
72194713
560220235
474817460
853618189
88617287
785010801
184653066
216362167
52249386
28815205
309363527
697353766
234476260
14793197
137218636
947282928
72925304
236607782
53065998
594277891
966409713
733940762
407472213
69006855
900135382
261338825
60034200
720717174
54580710
134731494
408912609
88679346
681359735
999225884
713165716
332190157
387165553
246288621
475537305
928296925
551126148
531764347
770511579
450851380
276491265
143149433
423740372
303583186
719056317
920514761
326945021
845651664
563593797
563597761
969427069
994901083
379752753
777790756
550785256
159607119
99549052
127322531
306336453
923747474
995902053
629860529
807400795
97953788
907095297
9229310
774255427
226527949
841367298
608929915
905608013
340965666
396405719
316833104
664762019
737149202
179870446
717878305
111921756
925751523
124125323
796001936
19910804
655921510
828014740
617456569
395236210
745560073
826628892
924736723
814329201
39862644
227877215
711098759
40886926
603772810
204630192
531133426
606873582
155662494
61556496
950406373
661791878
592584397
915104813
14871433
289264000
119652862
651348482
656728331
28711612
578589712
103421873
438641023
525660609
337240609
419077306
17558052
815215432
275075908
231344153
843231373
23265147
272522355
3452585
990876111
581350061
717448110
323421866
750510365
982730655
467856428
417079186
424957966
682087635
144404691
654300004
223341458
111588455
579522338
149709523
203713922
504810612
942190447
503405484
926304696
136571985
80161925
271626712
795090855
454866883
285226500
312355875
574463238
17623679
845221205
588060552
777130098
986182974
332487108
430840722
45946265
252155386
95609890
19576541
581068962
669743865
14271583
623987228
174266546
474604964
644657181
37571740
368237653
285818609
950097267
973621096
394756152
227429958
967727684
825624780
831324438
92423234
273505125
86858947
825540307
951234682
377295540
173963675
977596327
224063879
986056607
447430964
229531247
143424910
654141949
315672004
73856775
360533252
855697429
165047738
793572271
14233483
566624624
289407139
346121427
707362104
994182200
486252472
719794275
780184928
941405472
60938548
516740954
591131332
790862591
274030032
381815559
368066105
117509524
564378829
194488071
395725304
741244368
295092819
473058375
199742962
604108354
934832238
151203177
564183563
712803593
626433426
880709809
538078147
274772206
149585659
134065731
200523711
507655781
739987645
900385908
998235095
337688175
510601430
245285171
868036402
859421096
808401473
324908143
137605368
496407070
104856766
139128758
277565258
853050769
485414654
665555820
565544563
427607050
708302156
10685466
408693438
259255181
654521198
59394017
635567173
187296258
883574245
939096092
189756200
621661097
185738340
646244687
356654157
409242412
924399864
313151042
610942511
279704407
659722671
877492036
64735497
155637700
261679634
736138748
387906623
768334118
324791664
849005517
197991159
642239912
854843857
881527148
481141101
787271324
708640850
515859059
702206989
360217444
539573480
931631369
539432984
507310608
131065683
219727886
157926941
772634697
884158462
778360857
159442104
988990031
992761320
947095612
151845222
374935480
968638397
463719869
607489221
308920265
716176381
161646233
336097049
937174061
126410296
61855783
846575960
735679050
54091757
208184340
727022325
351376782
810334450
894746765
480163551
58879469
875965901
732085348
626469146
108945408
914478310
416330395
46554077
276880770
530781563
749464416
645516981
639355004
416651486
828678466
737776592
592396492
579114826
715784435
136831418
591397201
306416927
79803675
489470881
190957859
715977387
249109778
509311161
267551776
502695487
522681726
525141830
167025835
24432896
899317599
386656477
335037798
693299500
175460491
244760345
78473925
634505820
962291640
715575013
93664035
363989943
802897934
176351132
322584787
499660830
603685660
281727099
723637669
710939565
136689990
322984537
690244153
647810379
348642974
122570535
468587802
223590889
393554412
850763989
473131887
537296145
588604204
825520574
20123584
900911611
813699670
404034930
411796701
651181646
700593019
579954899
598551483
621624245
668848293
263930013
695540708
985529200
854393172
863666070
977068596
457858241
529085151
768510009
54283056
229142415
78966082
680900660
618576718
8118515
642685920
108527540
993614085
877876630
646757627
699134311
725411616
675837401
487760415
316809955
763136017
522205948
86800659
766700179
669704778
187403083
131102381
899499043
146373430
954408128
405187855
379871222
472945073
586876245
471287993
338178955
837153838
997646554
356728506
545155002
544973069
25469959
284650850
98830874
20763321
824474485
760959548
358738033
953373390
362117117
260941878
548208989
404684454
60895024
17395810
818770361
711883714
679318376
485105678
278071014
54284580
845513204
859803987
198549957
225341525
854123863
902525929
795976931
13380132
561315410
549085727
353013797
807598879
198831817
97881660
896359506
911514560
114727249
368254256
871320847
861325419
892845887
731399397
692398149
873532841
235244059
819756790
225505998
989402154
567617197
481355319
987498095
822250548
823776704
526805074
340611961
572011284
514378369
439989695
916557025
848025317
22139792
637057049
777502118
445782178
447513747
668225728
381660052
600501008
194018137
635867116
664265196
498080910
899542444
693040928
688920420
307241489
375404109
370549214
354037734
52613533
921465264
462654702
76941538
550470628
612782510
702123966
5178227
218347852
572667589
935351918
555803067
836993215
592687933
34559654
175040481
155337455
737207479
744976361
766211711
36861647
391302574
681261717
91805503
950664687
916160102
730905058
574242878
709680810
298164995
425114665
854085292
951155775
606829953
335004364
226123683
834272029
178499693
202208479
681207036
840735972
110686536
379918071
304133237
342372414
481960094
179618720
419904624
649778790
338296337
246083487
832312655
436468257
326777839
133321236
97150507
943220645
132931738
562930803
23317109
867298604
743786350
840085050
357559658
621552883
476225025
352031268
907880973
361415047
735369228
980803408
509012984
574957168
811409641
344673028
161893702
890806397
378105190
172593668
700654307
61427118
270062855
690865875
932509753
472434973
875060254
608293114
979682658
460174674
971986971
303037116
434284465
302377080
701506142
251867487
227215374
690595089
712614787
914124649
298856757
528393290
939714312
313408111
351310159
237632896
537324564
911167346
434652279
901702479
105466538
964863843
183855535
324175511
148234997
454266384
569188006
510629121
162900911
274770487
707402721
203811544
879071903
451941047
479565262
581752972
856873643
615957367
819324992
195284854
891648565
76244610
415784224
302858963
242061523
105298895
81549650
608319083
869447925
153034414
977064517
365334761
936134625
394006249
960537866
488977836
34687626
491425445
672255150
824655125
615551165
455784222
156632632
917887974
641495956
996541614
915724522
82801547
142690843
278327988
254793769
327502411
100033232
937144346
980659633
884850585
775722767
713198273
904774261
146736749
183607234
67397531
922691758
317492353
719983301
621090867
806341614
454035052
398216564
123444827
119175316
176077764
933057600
709390778
202461175
39605735
640844192
72711604
296641138
430056224
608264248
459669423
996493629
587201334
586452545
24065308
982045230
247910250
884616298
29645112
349622148
635338507
804010003
311353180
249604358
417104390
989914066
267217938
181393701
690469213
696207639
823183881
53478755
66615909
184788690
606946873
261208170
625393887
636445657
500530451
655875997
665631006
322833455
877767553
543765301
328562798
335387098
114330511
194844160
92673685
383062642
470202460
183504512
273243508
297095378
536333947
468907988
188622097
549164325
42750235
831233491
365750823
662178111
320588233
598960126
733601664
983667508
224027020
380844749
297483186
311337344
823254645
559331060
420242627
333972774
409938648
814475273
423484588
979468531
508644007
455225156
812958661
481501708
155464144
513950310
327759724
953199764
589209348
874646831
628533155
118254837
978720475
820710508
629410642
177620698
614497879
937655696
664703119
255722165
362115087
193389542
341627437
201961384
828666116
421714966
414834926
857507568
909434138
77043463
760103307
184266162
861292403
245462654
809437951
115364667
572917028
610028931
875269151
651943168
373100515
378780573
719708
780170933
677324525
705371814
748299212
100359061
38219070
197741795
98125399
756443960
295098888
168127546
56974973
665406663
80100984
983692804
443947609
696897000
8661964
496573678
375702367
815828811
565499695
433381955
929720765
719067887
572291737
665151363
69019382
303099923
555652341
646994966
968139139
830275917
486947921
776196783
811966071
704125845
93482000
493116401
637840215
427008866
188801454
952225202
326174293
18741553
735802542
966827826
492913537
859993392
656885751
200450146
861269099
534500923
370617149
288312066
452868859
503561070
837569264
144416564
258239295
833066137
950185143
862246042
317210771
629169159
325581612
130260937
267474532
953115041
79868890
481627365
817814311
620459193
896002048
78546655
559123101
313665370
270824436
743003975
504994841
341938649
348235945
758206438
2893355
563430861
911575933
143570799
564015062
739897861
114333681
248689039
253759835
967660638
721350836
256227275
672149552
278986158
437571673
435866756
868708743
652761246
650025980
210942376
441125644
895216521
21676808
87336001
429406188
144472836
668286094
499013007
842895712
421579980
663920564
437813574
900685322
898583565
402152391
479676789
779793747
605792825
301054605
8889637
48896924
692730866
785334577
515578431
301052225
658120223
229654883
807931870
929809154
197920996
809453344
512799512
208874484
803494378
499625679
493917645
716495151
786092634
19076125
473852681
129915202
9582541
73518128
687782372
980233358
177898941
877417902
979145172
984757449
732711199
837186284
931570708
999204919
148990467
384624971
944913321
12437025
994166848
54069769
320947474
635145384
594158949
791513899
298275282
902374549
860242296
857273350
254482007
639007895
435148543
570977581
310772614
977619107
559751057
741842969
681906098
465094248
224526680
211607406
152961411
623874781
502033467
363980677
479686897
969458768
687659113
664643791
42949058
894708486
989183097
374787449
604564304
173928225
880718644
407490939
37663764
41697420
32419532
430278599
701645414
893178673
65006379
644541383
251500979
640495675
163816626
113051722
990234138
762837205
149426903
171242427
111466522
241718674
566853923
386306169
238265153
374627525
672825362
323523839
891931515
25388284
922214378
88948503
969838838
507587241
121563302
758510866
297144474
212150488
295384029
367572269
520924276
662492246
260605968
753287772
499073718
992676282
47400162
550167432
87830855
9544153
114986058
759426305
784902972
938268973
125108277
185716258
428891015
78797639
37396004
300125868
459837655
392307318
848297075
786590692
599597708
266447347
762361631
71725001
417853762
179019772
903600642
50922024
567246031
755777290
67079062
972247123
813583418
409477411
941439111
660993696
882445264
581304741
722643801
551186243
700647810
734390
799104443
790984023
9734135
262020562
383585288
874066073
764801222
769099289
468968423
795156914
43106529
950092515
308612984
637365811
970206859
213049973
184251699
539228138
231164552
826166886
752506932
468302418
131516699
825583872
786011598
737468061
923572995
513217819
521104444
128490303
55896021
173649891
362090500
515356484
788335692
438418037
827977299
525095887
790383078
799217879
135987234
631415350
823033981
821715232
332255269
24749666
417348637
165156018
776802532
584597907
786105161
701780628
670555618
346688077
331498380
210460322
894589398
885056239
271716403
742880600
586922976
35045937
603638598
347075676
416542772
12791116
231957130
238464174
213178259
860180530
998498726
443342343
736011101
317708873
204628091
409175469
513148318
80523806
688888834
581444163
636305856
643719338
102754460
245394782
475217885
178110147
107522959
362489925
468112452
671381485
463094550
431369667
530097278
800095666
377594693
465017262
53843945
67729934
301327510
85804569
654844727
786836372
711529416
572780531
9479587
530539615
310526289
502431808
875482743
140789979
605703019
979105788
461702542
143650030
123535055
455742655
772010106
971320612
721810521
794234190
598491536
882012981
443990992
262158034
349056612
4474339
40092898
819906577
411292080
661258700
291735262
51135685
641984169
106096702
798573690
225983674
969410982
728990714
23422850
441255664
916711823
618727976
365456976
929046379
929698059
595993072
97860518
416279867
534493156
133145672
888537646
888533227
348005116
286094606
857437751
723269339
552405086
278012741
723841638
101842506
557140125
784996289
735372731
900639817
879104255
726497923
497831071
171115004
175903047
111499287
118761430
832537952
893415846
330248763
330694889
307491992
859432183
582683764
846766148
242847576
491412787
512120676
844843834
388272585
201852362
51733590
206008224
979680314
81577345
345741790
313129335
437020878
420536422
352080543
962918858
989128951
976831756
731063978
666905505
130675416
100992489
36358980
74849421
193371104
832225402
850811267
188800244
885356158
44944405
533401643
292995916
82120814
933633787
772003461
222664277
978404504
236256325
79298252
142873034
611383218
426420212
577598568
13652519
548029879
456390123
944900291
131113435
490232688
237564440
757736212
872493495
886249860
836632398
394281172
542461678
611201014
425344684
77273445
455667599
85914247
362850473
200195498
771019356
577605056
374619031
460778353
194587675
347295090
84818211
34026366
634083463
618278742
111409687
532446118
78043318
850878143
981736937
125073555
179605710
499039298
411809398
96694001
658881098
963662446
349146966
914735066
601844484
751443655
65610110
245120304
946663003
151041086
696884706
946607233
774139085
152510340
407176128
4774813
570349664
60341003
67487009
159418001
481396276
813741390
332856444
646738543
743238139
375339513
384392396
902687936
863651649
71986471
194916493
47048945
59092233
924889990
32256404
40351929
315806647
550995466
571848643
896594286
978767211
356750218
267096724
236982862
613707961
400462654
311128734
909136039
563061260
31498644
71200512
509899301
219143484
803112977
259815084
897835211
172523580
316104423
539406675
332451798
909245714
124148925
189236813
869141562
800081565
251413410
321275992
950612807
875530661
811202802
904009096
270657381
246983760
393028588
504801782
437505268
69063829
259487844
305494848
379190279
671515876
419211058
400616447
376554718
229242923
552725723
776597807
50216644
676018522
452186869
514955733
774660098
103116351
884203711
358238268
879341102
716325820
862468415
76425750
802073090
239805451
872667111
525271780
4660485
655700085
697738386
138507655
854924307
1888498
596586636
367284124
741566205
711776374
807518286
893538249
141375614
662043513
877957498
398882356
19076075
685427505
258997270
582701795
126473681
199525266
625416520
22398899
233894032
986147377
802784351
411100714
540479412
627409048
918499683
646962943
181144258
321824143
952257949
794471724
669323166
236299072
771606490
688444766
925068971
186806806
625546642
108137733
798128756
873874840
677208260
315260434
703834314
83105388
504843165
586419116
110952574
227055051
159472308
426822096
19155454
868858816
417080386
146397760
406274881
118047119
586592935
864191029
615800863
649954509
770213425
648557569
313442979
194237618
267388888
530639289
566068331
800833511
817608743
755969055
51273917
308446066
610357804
74115546
127345554
128096336
410876557
605740639
309627069
287303781
502910586
457197079
71056176
994327703
72866982
444509872
505516046
669813444
395338628
236572471
30272338
176799168
561114570
344022352
790281105
575692502
878872847
165377255
503260637
693721855
190783967
619713013
227188931
988858842
275940593
417850427
84767402
677651405
196969118
623837217
496612455
255345612
214516513
775192320
419718352
494472671
485088923
133937269
83072072
758554701
764890557
715650349
542384754
449024577
55518621
516511899
83007267
986586165
399090788
22835114
877164427
359855725
633401606
762009601
420826726
310102715
526822686
645672779
165836889
71883415
916278546
924054961
168863898
720091817
957012857
450130626
891435777
668223687
331629521
649452531
957584745
889941216
848534280
100545377
501479762
968579409
209475187
531564370
491360753
970807346
628568202
28096627
640263207
379810449
474313893
275444180
996282121
214957418
823786535
44261646
901682720
778236996
276491202
53690107
33136914
126593554
4286137
858751975
51705331
122759400
84873230
447611428
951295841
726537139
829814960
751838523
376849168
321934645
856004589
681283883
351927257
918903089
594053250
825218447
381933479
906653846
754132735
126422637
361639077
837081035
158045468
144476540
887765529
305413612
687479064
967609936
525771985
872003276
785171908
701281744
670197996
63842453
251551950
642491825
647494269
363262916
576641915
661636596
802062484
980093790
743595171
711190260
544693724
781723039
849881108
980152791
546008277
289323228
363875251
207164643
680558976
432572252
945911365
15502347
562749347
859736517
242146056
964061913
299690117
542419407
924680765
594608036
191858679
320609432
129102822
293506082
370950613
302395404
998131712
2851798
10104752
543824108
369675072
859299780
230582110
396793767
714287070
951098671
291517407
436749765
28977719
723406587
384807881
854078776
80323624
139629113
314100706
810213915
20075550
560610331
127414059
178826963
508911931
707135851
757493419
858897652
519303274
172551057
784212059
252810641
893161518
86112186
589648882
451914734
341280299
658295648
35994919
858148687
917693824
921537507
146608360
390850937
347037001
624807884
781200348
224841816
653233096
815032793
471212440
59728515
751898346
473383284
996309250
884196521
491903028
360632520
60321637
83189818
69672325
470346007
85504779
935737772
653918167
754940620
234742316
750194136
68455981
561418212
137228920
364326082
333543087
758625974
22848877
20068270
530842027
616663792
118621548
609885954
959978826
234408208
923021954
727604600
415577850
513177757
179078583
228546622
633217211
597655715
88053942
444298189
932600251
798113783
833078202
351142644
90742506
44845344
707893262
462501823
236973321
174071620
611594788
284964100
756248667
436900847
516494813
220998174
267781228
715621563
279766846
406729809
685127535
706219766
87996550
120588915
541992983
830438537
363222399
72374591
545467683
790305368
398551481
829497394
721245537
879102439
570621483
993591503
393346235
615142982
299887198
73124840
158714194
386582937
548651335
742890427
169120801
930376864
182451024
169649734
669822064
421691967
613506243
414076979
154789795
496636956
65355788
347336847
519133077
94322789
984249162
474389902
797596269
795029754
887815260
649994109
596456494
872522934
742419428
630321232
898984758
215951005
32317577
110319323
995727
378885419
533040651
624502405
713589630
31447215
526334316
234476700
311794188
307380286
695479432
474382878
898955695
150234423
34323488
489120905
420477198
859869813
848679110
434846783
430612997
104349632
137590219
838541338
955943452
269249393
208805418
749242680
462489866
918476246
216939065
64828818
922602685
844861082
668706432
620666306
622506349
873182282
274939921
469771644
40966857
300150608
972064986
642463314
489597490
452258211
909504574
734800037
454360440
78570739
210602113
137721040
784918302
194419176
656450592
356860009
196675956
427570143
9426716
6659040
885397140
65479093
816057830
347032755
501160022
678554070
396726901
376191275
695748219
540684408
666289371
192428212
639457077
541437777
109322331
330007678
367785202
94435272
355101630
37378378
161306400
168951581
483844845
766018004
311775424
669931297
742330517
166223333
39989600
269939054
142511794
138660035
555987829
535398732
119272557
558099672
703983356
40152811
491054246
774297146
330543316
754687395
339877153
28674414
876577140
49748712
599501584
250131769
851298262
542677962
696392154
483452567
213976273
354588239
824918595
307151779
660168401
133451170
705025656
880287378
836785907
84856231
541851847
921709314
514379250
38117188
409664867
149519024
33098921
13653543
19768559
669000583
229912143
606002466
395037921
206147341
147052527
118193565
45042416
231322605
750035140
232034724
829134118
55141312
491889608
876327184
761874266
330422304
16235992
321242535
279289885
676829996
593862163
925772572
990824973
391882143
341160405
219707566
793618949
67659162
534449262
281849606
358866200
373076695
780229168
530526668
98437391
334994293
637161025
278029782
437077433
91198942
136785320
367824889
932608933
85179982
656161592
922013229
921229491
833814550
618719933
835557702
768757851
460968560
673507374
883490702
975046686
340117758
728202037
327950978
619844009
690862570
356205136
32348528
749387115
373837732
347171261
919966260
756169283
465528623
88975908
540839024
205614722
385715306
906806934
659316841
705317661
877486347
603350028
837681686
556254242
562213170
920197612
232716167
671309038
74066030
913980812
914771244
250423104
189365384
958755665
805104383
971624683
985693621
320899067
630419060
651794217
9793668
264426117
274377026
511825130
485661054
232273742
541079441
715636159
670753487
60531653
175905827
373148565
915576228
72449826
982755204
193781093
649313125
51129439
245577648
258865367
30527567
145261650
747144600
492868136
791267898
74457088
473335487
219217846
561586432
527125153
897434989
719728352
856243896
228426552
31966021
82166087
936576081
867925654
658685856
849990706
823150431
236847435
128915725
205342604
718581580
390611911
254251555
59362149
464681570
280829280
784934126
305098166
409497730
150314522
762088650
983493958
758685726
200549677
292279355
629288878
194775163
101327346
946906534
717004278
814247496
940055728
705548121
227668318
13092196
397498271
452601499
713490470
918486608
588434140
724660467
84930215
890829770
745030556
4355881
241320739
121297969
141735664
262926382
476171476
342885626
834574400
163076657
35925189
889459135
707441971
280741063
803609713
616886599
875975230
749709835
736322467
506525849
461499657
118896640
293096052
29407949
73470107
810302435
87671285
273566088
451910609
712660507
98995595
782116955
911046257
980186858
573081367
756320968
246517696
866344371
872537115
400428541
622414909
207747114
269243728
287320273
384426613
5191995
589586993
207785821
618923506
301357968
768443654
148266756
802251775
851815666
366310494
30673846
827384967
215972825
284761481
529857875
118545967
444121343
539386625
609398975
225554571
182257447
162428759
31649597
802508950
81382524
793811993
117263113
525702419
568057781
92903436
353479278
584308646
769864646
437830700
716083761
933396494
695010993
159184307
978983055
450611818
707779902
691664468
64545043
897207085
208608866
502078360
706023861
725598623
503966346
163903757
47829808
836789528
759986435
895022612
876106722
86015647
136884062
475887346
479930024
96378611
105494150
234822419
192361576
549159552
591073791
467726500
856751503
207587628
331165128
585555828
71462847
949917044
65547828
301177098
592093525
289784629
165674552
181073772
485643678
923450096
720017419
398795949
639484728
750221196
127948572
708969704
867634529
70038336
754168217
279201631
283079869
486690979
233699135
41455137
355645639
382874670
112266143
718892827
779462716
49963465
96703810
883032263
95670223
593972831
631793150
441394425
440161517
531004331
569285391
141747417
156926436
894183445
63596992
11130081
771409128
370568487
211018316
49712924
170647034
369700480
799086593
201623030
46890881
2351351
751793570
334124380
281643639
550578802
66698994
609733269
931349054
502021553
302186113
416891252
867332546
69409547
855753071
900998809
531566242
365755744
166622999
335457530
399979349
554697982
217757642
984430075
780056435
473335377
253549625
348464680
164969749
769472668
645329394
699673678
435433300
183576322
44378432
308081759
308436616
870804943
513398181
630871398
696538704
246404487
973172271
884364631
554076331
51668059
771122092
582018945
483619638
843029659
599250614
227289817
550934899
871520837
234632943
88698093
610869809
607776987
500683544
357929971
361241562
284012907
153332130
818859145
597151164
256816816
109483048
310283333
522680231
145038365
623975639
295889942
85174416
990740589
57221542
18096777
482512315
55564200
970759350
782049856
542769566
280397613
853024372
165881677
254823323
776480442
549917506
272281666
207398999
312916651
797126815
295280971
237775086
714038952
293140204
368486587
158954508
845824153
603295102
384115542
185218619
273343395
127092416
508745894
951376190
428460089
729915908
750736868
689141797
203249646
634818231
410315766
439663734
810081224
65089436
476041983
304634383
593793003
532062350
688087365
132249355
928826308
7969190
498676923
547523362
642386928
986509847
478742611
7728426
777509910
693551904
836039645
449549986
69870695
941662230
954382877
68364272
478188615
560112225
211747600
511982532
340450150
589027018
579726276
140468024
170369894
368602692
429135472
465665553
42068195
529770420
113683815
563588211
204574917
739853242
527631789
581579999
905057677
707947651
213618018
690630978
723477652
309018659
868115865
705353376
823918970
418297210
358941867
139757506
647956775
296042444
415979880
354751160
866026156
814723650
911698916
192210393
126079342
992013390
71035092
556398366
789991993
551740714
147830904
171274686
114546937
136832605
223623034
363163082
682321685
336092947
10226153
676849851
777866214
691006651
386973176
160510044
923123603
796069097
725779243
143648650
28753226
375315327
551826205
680974652
864306331
953039460
641889841
752052660
2743448
2968617
840289207
292585136
927765597
900824873
205272439
992519607
43035250
39571282
782266424
452766801
360015113
338865147
622444457
270524881
98937339
117890797
709152356
745063712
245208543
95149628
25054905
280756876
676322860
889247392
117732112
452178268
279786242
619574827
948970954
494357103
353883820
194140949
160311071
742766691
558467626
291088901
131766358
221434370
618147055
499573651
836575
30948588
370487545
767354321
700368516
643358123
820492703
626733678
236317599
750460630
286810957
672459462
616636926
839773689
663432764
902687913
640988807
368195914
710060965
552175853
404304343
398139801
807345487
599265888
364891031
501483939
378361749
73484707
657735760
527323991
728703044
681707127
387218189
997223073
565160761
957356270
678618270
965506739
152191940
814612534
450716790
18739798
286527880
218152725
732774993
890161700
347706651
771199237
617971384
314739974
796794156
584770055
982628648
433841829
482404086
201483084
191499935
460003150
479655766
226650833
619499141
754174766
269902832
896832389
218267212
61135918
369519429
252564621
226999619
846856251
867822310
671917349
703695454
543004502
251912882
434624031
507204529
554149574
951296996
964099121
502320428
559944815
852179947
603474863
241224741
626056099
18446379
763405251
118035404
235261376
589348391
989058577
451997047
12485521
774862722
616579280
309585386
398528183
958830301
773390472
935863686
557232039
676402759
165107076
495889979
141604094
569880676
308885666
818355246
29776036
255744652
601151077
14629465
459839707
120195943
614605563
366733903
211515555
49650030
884658980
746922926
739442997
813317955
120915773
727175597
627202172
249150488
570680520
365462975
156875494
86935995
878979569
906354002
88912162
546053504
690034869
321796737
360753836
285214744
618065150
383034337
254089442
730790338
263563298
970237052
930892946
585298169
357604490
617147021
233186529
154512708
285504581
901236315
643272281
272293809
622023679
543092142
223805268
139700342
646639439
226775158
557147364
345183236
892611229
533343431
648710353
228016971
943685300
506834805
977883340
216965537
811436586
33328102
224791956
447019090
486758906
379259926
382366751
885299496
676860048
595084538
662521150
933066121
336788379
182696708
229539322
187209782
431091853
580764949
604655777
27995570
939278331
47393312
877602732
531614178
313323387
407804191
236991297
779930226
492102511
876592088
61841687
260098753
768290697
576473984
547908562
528511799
548278037
59167090
564859846
424952830
196202153
207883044
515606482
149892888
986400624
899596199
143133607
605493152
680764126
303720332
312733284
743560821
772115519
958406049
115711079
354881286
812521813
842010951
502747153
784274526
42738651
672172583
227951734
841196983
368584185
348284485
53777817
625407044
635778004
363939961
875797510
389679216
366578901
75230087
34657900
137907796
437640648
110717301
873887421
272657171
841647013
401118082
988507863
173256428
757186905
25039881
402431431
377856567
654768052
502359597
991381162
875159878
693525124
677125751
859304290
192725381
840932514
742147523
872347314
30712922
380598743
926176815
56826843
214032611
613324499
311180287
926958585
563219674
434168580
687282254
867793109
825818561
589220663
456056720
232689970
156298326
677811167
587778182
530120034
637763001
511999938
465787096
518120041
181663877
558673033
321344674
356212870
230406451
820705757
722024369
620580241
275758935
826166763
226342396
798869771
147570768
128907406
578172490
496492275
788518766
27547136
145327081
55985056
106612723
78377514
774760712
201157250
502773735
665922470
180235478
534280323
526660934
910274473
826060107
151159644
28302552
994358267
543240622
677661342
308813995
989652046
430953328
964097029
738370020
205204978
369002464
537886635
524084387
832757414
549599455
305729451
864420397
967760900
936208676
282603423
486232137
462008517
808867224
124951231
417105689
839648551
9672362
48200202
703758970
541976417
326081490
251414015
88563696
915950020
677833365
17503272
714621685
777331554
915921809
274665731
637292472
968164371
801657548
714169948
391538110
17478998
898621424
161605711
486344854
914334506
434507057
934075855
977731657
287799129
8081320
508273664
537617009
742009864
203676119
877971168
390004515
223991849
583428386
525175822
982474332
661240560
429826153
194959620
432433823
597143223
248215335
272617200
754485059
810479061
950637898
66613333
672530585
932698184
971278607
609076112
483824089
704084422
829135721
71185930
457822964
880821530
410093356
275989496
978565527
505228195
920966644
17881010
551224404
118041452
369086515
253121965
950440384
600234328
778287160
207452671
207924429
520968558
182493164
466908610
176298254
200240519
890153216
36083521
118599732
378826299
605344638
102815000
921884204
276565158
443300914
395655705
482790742
139280082
917154342
566109944
353613368
662506392
108347972
643208044
117141462
31253590
754969347
403673149
73088881
209149191
711085800
689837162
444201923
947402705
405100707
12226065
323562117
844617664
793463821
658325870
169888836
262773705
379876260
190532855
370161377
291498197
9128800
918522817
323666552
318489377
158599309
329977134
350486817
354653669
378759637
871651452
311870677
119221860
201450035
602469887
399752151
663434322
294915785
558199956
132474355
294381761
889299772
432882761
993418851
3234186
766407192
338222678
694980094
224740574
514864845
570532171
887989485
844504170
388647453
238857783
495222469
885631382
22164514
986310394
273127669
414408854
949071058
1368206
138846043
431467475
75848793
921951203
494711110
523986170
559058340
959724973
181723637
770278630
171237769
582379881
794082150
799858620
924705142
606815457
723468370
388768706
532284568
89900683
184938045
431374584
223846560
101454722
448394323
216581006
83381909
444672335
807529893
447890818
126646813
981689272
372691562
219558694
555253699
914642313
706673276
615040473
56957569
64570415
680826166
657601544
445388093
157120852
557289443
320417748
46745938
51293329
792663667
330104245
979176682
487393030
978603680
20761067
792299608
778787324
252199996
271229936
16554287
795289561
257642703
483823136
999698188
510952765
393551034
437690587
303321673
988424974
666405677
452497167
887845070
214689369
163676997
451004284
410881157
159471540
489146116
987885794
889937263
23691944
764767698
51888706
755603475
724224099
144435595
850720452
911593335
900299649
85709748
54321762
770752354
541971935
369409408
492018749
476224333
711131456
593974953
641353947
196895111
592327557
169904823
349537018
85337054
293975164
294667411
935602701
737083368
361556247
833402313
269925905
130848376
29694716
240263022
415383862
140760101
421242199
712172780
934412377
834475588
987550817
579893477
115138985
889153453
440633323
132771337
12813595
585084223
511532819
156254422
603338139
616107470
733366697
733260325
422207192
819036737
860724812
227084817
409070843
247451574
916159796
492427547
13665340
646233587
233292696
279721492
519626207
59468258
394475448
295494148
516438591
208607653
614718668
701124538
166488039
329510568
27398423
293744797
58983144
833459147
28612930
582835921
434078617
946048782
99874056
670455674
387580242
558094128
589715795
300408718
436673987
737235483
908064475
145222314
39483287
278201921
714688023
124166738
563027389
951344172
185113189
554097631
769320069
707799415
60597020
653628361
246070913
506366092
808236866
378543072
688225170
256389562
182369031
34872770
567477971
224802910
709236918
672405147
582988476
977636532
916236270
416094797
237536429
214626884
406857153
410423537
516641666
833422553
799298039
44747864
257696437
215540507
478815217
791574786
460636754
968248120
359269181
936315453
449581105
804792535
966429580
915177599
241068252
537510657
378300853
196152804
170960696
903831390
483760972
558316286
894421432
965591462
813287483
123390152
867166828
101808665
210448113
753640928
112882649
878086404
139335925
700588131
754352750
609421966
986043427
235456677
610707929
447651909
726523191
603750722
261132278
116101721
129102316
615333471
784219443
159989772
153851949
887848046
830127949
461892083
365202682
125922490
23636158
698838286
176843025
932892796
399144782
377107117
704194982
472418902
958326410
76854886
303088446
983063006
369290288
951569071
263237336
135908355
426329255
55389093
139310630
520959581
32452353
392486444
127618745
615810739
273767170
913491086
124573691
527101658
120830253
290396003
357944139
690076798
307840629
643939982
518385728
542530413
624389802
477176783
250055761
602440760
341895694
590518407
987688727
235360933
414095431
666501039
50107820
423505592
845160379
756230143
788850338
167604566
123209607
778987396
554883367
22369041
922743935
895138474
399848326
707010525
19145664
135958374
375922821
996437697
946870077
792492950
545306150
744984819
179433747
866051516
306796271
501227589
929788081
145553853
129537789
838719044
884931540
217468881
233908199
831283426
879117380
250069864
533211611
151038561
951004579
346631562
435926537
421631604
986402486
929048775
61880293
205582534
551372640
608315140
662807510
762429805
251234628
495238051
948465637
617676000
669187730
546012474
772048870
979010435
516420204
137634297
506634788
361174238
919664510
856514292
890039071
327020201
99523000
670536331
392136274
728843930
413827154
419067963
47333557
719026851
637054506
799466322
775314168
68656977
759257751
235280109
681718971
401958090
992147686
594171235
168162590
284295311
496543355
58512256
816527565
775108489
169322916
439035707
931868331
657496025
847330511
745212734
553842098
543933353
88169557
741859705
725324502
510979614
192581252
892440922
101164363
590622125
417539410
297625973
736900850
618396555
519498443
977057634
851297693
582548129
380580218
514848623
21067751
45891183
977926711
613062321
203407097
143277985
654747553
161049646
237727840
107449038
708011715
653735008
159675446
1098749
497779430
710853434
473263681
919609683
814482094
233885045
836217000
954049088
20047395
175772741
182178401
510008955
270336612
543054432
404971084
798021736
944924619
261633558
902442387
590225473
645220806
625145241
660752158
580974171
451116692
859006257
167146629
132343459
56530649
813114272
499735057
699281445
427495278
574429775
775989295
483771905
47245816
123611835
323647360
353034597
309039395
785161715
162096802
379361950
852888627
601903122
652466478
336179408
724169804
47704903
228066807
704976165
916823889
742770577
581973652
859945907
395689912
523902973
512681868
638310754
722863455
40853280
485115046
624086498
884058379
283184658
448558017
365253010
426889838
430840722
659139125
926071539
867992390
162777942
172620620
465085030
428031056
221435784
89406111
978288598
235725806
336292103
59964178
165001598
756385778
909844784
857015175
69925027
377190895
328090757
652583408
706904454
825587455
27507558
36245370
263973788
208588686
747181028
161204842
862006914
996136884
465620575
57210689
952145373
578206994
668584686
934664641
14560443
479570738
73979927
234659109
54007092
116126136
905804348
544519224
880604745
15575147
396597897
993414486
493758056
419085199
721467673
910788409
80324453
7931599
774578238
228142630
742850825
317917093
44905584
712493788
781095506
685586244
366221721
287494118
135868835
619831841
404645715
93723773
143245312
608661839
461642437
218227629
687587157
336105635
793346431
897819346
389838344
354310781
971912548
156361544
936118645
407883311
719626408
26140192
475862491
878549131
343567255
329493999
543884356
419144156
885820683
622343703
239907040
708015669
811937377
982840875
83316525
866898940
177048058
945993502
89182926
423932463
759308548
679443466
990661659
862087826
653953442
67198807
819445278
488094940
424904573
701818741
16750109
138366489
59243935
771712827
896601431
669555776
179599346
389671112
974291630
647821106
995429316
241838790
727112433
666212419
834806849
676643277
958996908
356212134
266917764
221308021
878385408
909389272
740627168
407730665
922273805
905526671
548320397
236943603
816783775
895234536
21632234
674543937
821200218
291828033
986898611
605235572
4351168
14836199
589145091
618821112
517955731
448182421
271506538
995718906
814874544
921404689
268492658
715601776
936069407
141652489
782129727
935712190
445573962
870941471
957456691
60721459
512105889
213312813
218791244
